 173.745604732935 9.65563431378021
 56.1974040793040 11.6959064327485
 192.297817715019 14.5485665382970
 191.356439880188 14.0350877192982
 233.632862644416 25.4172015404365
 192.839823135073 19.2554557124519
 261.463414634146 22.7984595635430
 43.9920940562789 3.30093526499175
 138.125802310655 9.49935815147625
 253.316217372700 18.1143916702325
 295.174809333233 23.5596164011176
 109.649122807018 9.03936670945657
 126.627544470933 7.70218228498074
 117.223457215317 7.01336923510442
 74.0647350082523 6.23509994498441
 122.158267423082 9.44138473642801
 258.600770218228 16.1745827984596
 449.177266892286 22.6397479285798
 590.286692340608 32.3063756953359
 62.6634336518804 5.06347168734845
 88.3611467693624 10.9542148053059
 190.399779937649 8.38987713185402
 142.747111681643 20.9884467265725
 531.611039794608 27.7599486521181
 1671.88703465982 79.0757381258023
 768.292682926829 35.9435173299101
 320.624732563115 6.67522464698331
 581.771501925546 38.3397518185708
 579.090001426330 30.2381971188133
 704.150620453573 39.3667094565683
 995.161449590204 45.7193640762318
 1112.78195488722 87.6581698147809
 988.161460561974 35.8008843246327
 169.493052271243 3.01781411165912
 71.4231777434979 3.38723422616800
 364.128690629012 14.8026315789474
 160.575398323643 21.8228498074454
 1085.15190415062 82.3705605477107
 1069.44801026958 66.2387676508344
 1096.91912708601 63.2220795892169
 732.596030413745 11.7507652809322
 162.713538066555 4.89779796583391
 263.214947938953 4.50720296676651
 282.024351343992 13.4204691329210
 588.575096277279 20.9884467265725
 1951.43346170304 46.4270432178006
 770.758732518073 37.7677183974056
 712.586987365718 38.3082224174042
 466.906290115533 13.2991014120668
 256.739409499358 8.98587933247753
 502.601175596243 18.3095736774542
 670.410783055199 20.4107830551990
 814.987163029525 16.0462130937099
 2227.76453328443 114.249037227214
 1240.19398088718 52.3463129368136
 595.786453220569 11.6287850185003
 351.412066752246 22.9460847240051
 26.4686105507672 26.4686105507672
 1258.22059840032 39.0046410585563
 1260.33376123235 45.6996148908857
 1475.43470650017 53.9152759948652
 623.448866067608 30.6375695335901
 206.945476656983 11.5194919262212
 194.357845834097 11.4004523503882
 365.425759520753 24.8181429182713
 296.358968374373 28.0662854475435
 636.927685066324 31.3792611610327
