 64.7126154852424 7.03131387458098
 117.756622516556 11.7618653421634
 60.5750026279828 6.33343845264375
 48.7393981642849 5.22830254444057
 110.865832720137 8.25361785626686
 107.174392935982 9.05077262693157
 128.949858088931 15.7363607694734
 67.9619529931178 7.83989092325672
 197.571743929360 23.3500799269240
 44.6987594077172 5.58331074190259
 51.3420231963278 5.40488454395739
 68.5849128415925 6.69229402958565
 97.0898616270931 10.6000646099176
 65.2475559760328 9.62472406181016
 113.756773028296 10.4354806341561
 99.0367248645394 11.7700180614088
 51.8380791220117 4.95470087255660
 87.1088685658222 12.4040786292442
 50.4457875222358 4.87044300135022
 51.8159000876954 5.88164141643231
 64.0874375174444 6.10870061657913
 97.6473161903625 8.56154167412446
 243.440813520067 22.5455071834401
 33.9051453355506 3.72455776954420
 40.1431769424494 4.44610266455244
 54.6072162594200 3.67283245794321
 83.9336671512411 6.57944327787649
 72.8975692495728 7.17127499033437
 119.807344972908 9.11850290989364
 139.983443708609 9.16114790286976
 53.1469217561933 4.09614912926171
 54.5650082073923 3.83955019716609
 39.8188662882371 2.57706559444970
 114.626139129450 7.59608309277183
 113.468595773400 4.67513111457938
 115.532811559302 6.91350592012844
 233.561967833491 12.0230211289814
 208.950431466988 14.2083082480433
 20.3885949659008 1.06983856845117
 188.548081019325 9.90795605643985
 97.9617365710081 5.40838852097130
 44.9511617090079 2.27026069237414
 208.817036748474 10.6349824698091
 108.956165247556 2.75683868933175
 68.9125635857568 2.70179479796526
 66.5294712302201 4.26027934228714
 134.770194709918 2.45204954329751
 94.5416798065805 5.26910543466835
 156.718920278313 8.31307458015480
 451.904995503229 7.88978824298913
 104.445420552327 5.29913952335901
 92.4408181186199 2.92098105935873
 98.3178249084863 5.64450778215553
 58.5264900662252 4.41777041942605
 282.365926503052 10.0895987534086
 362.325239146431 12.5680647534952
 227.933613027750 2.90096274978907
 322.371325665156 3.06146160102242
 176.687579876844 4.99593354246544
 138.399045125520 4.97972175162996
 118.531725816494 3.82634289919058
 230.046948356808 11.5039019991916
 949.740746444889 22.5627598952718
 280.409323904666 9.52220600890485
 71.8272314548711 2.63095783525622
 126.861264605391 4.57670730164087
 186.652264759004 7.15373446187626
 98.0751220817446 7.75135460565924
 373.308994169921 10.4573498613234
