 41.7792268281323 5.47275267815557
 135.870206489676 14.5132743362832
 109.481668773704 12.0101137800253
 18.0008045052293 4.66613032984714
 33.8003933136677 6.24385447394297
 69.2361434559851 10.3865859338612
 80.5049453409682 8.17282665278501
 20.2889120249870 2.61582509109839
 306.981317600787 27.1386430678466
 406.489675516224 27.4336283185841
 66.5265486725664 8.53982300884956
 93.2421560740145 10.7803700724055
 218.770377270610 11.0852352119236
 125.797801019040 15.5805846071333
 129.563053097345 12.0022123893805
 288.685208596713 10.0505689001264
 598.525073746313 25.6637168141593
 209.046214355949 11.6683054736152
 167.052416609939 14.9761742682097
 323.371908327661 22.5323349217155
 78.4496886266798 7.57128810226155
 275.055309734513 16.9247787610619
 231.661750245821 11.4552605703048
 155.569118095819 12.0842233750381
 74.3362831858407 6.36783378222393
 144.201210992082 9.73451327433628
 79.0319667690085 5.29167419180061
 76.9737983689051 7.47874370987333
 188.908554572271 17.6991150442478
 229.037610619469 12.2787610619469
 96.6568338249754 7.27630285152409
 113.912327639432 9.85799547231941
 7.20096186133166 0.542671764820572
 96.9096783256075 9.86093552465234
 92.7792740797743 10.1321020905476
 401.130776794494 33.4808259587021
