 31.3921051625970 3.80220872024151
 31.0430310430310 3.33000333000333
 100.502062040524 8.15850815850816
 19.4096332710194 2.30792310000231
 47.4294224294224 5.01813001813002
 41.7991099809282 4.58253867344776
 31.4231223322132 2.08882027063845
 46.1279461279461 4.61020461020461
 31.6224655847297 2.83678585565378
 37.9074477435133 3.49650349650350
 40.5391709739536 3.67386236951454
 66.2393162393162 6.21600621600622
 57.6616366090050 5.33676849466323
 28.2009657009657 2.64319014319014
 41.4862914862915 4.60650460650461
 70.0077700077700 5.98290598290598
 56.8546037296037 6.19172494172494
 88.7301104692409 7.80379041248607
 125.541125541126 12.2377622377622
 79.5315795315795 8.49150849150849
 38.6320996077094 3.43964978111320
 43.9627039627040 5.24475524475525
 157.415501165501 15.0786713286713
 113.919413919414 10.1232101232101
 146.751798925712 16.7730819904733
 128.815628815629 12.4320124320124
 145.428645428645 11.0075110075110
 69.1341179146057 5.91278640059128
 117.468390195663 8.15850815850816
 156.987939596635 16.9251038816256
 132.284382284382 16.7540792540793
 83.0729554133809 8.58007240985964
 187.234334293158 20.8419031948444
 245.831091984938 24.3858705397167
 106.282606282606 9.15750915750916
 157.681028648771 12.5949319497707
 169.396393080604 9.63072015703595
 153.346653346653 12.4875124875125
 149.991034606419 10.4297411989720
 292.041292041292 23.3100233100233
 137.573964497041 8.92056661287431
 184.525152267088 7.25618467553951
 174.975562072336 10.9406722309948
 220.317317091511 14.0236107978043
 198.411237884922 12.5751441540915
 172.010915913355 14.2702825629655
 339.393939393939 20.7459207459207
 193.162393162393 5.59440559440559
 109.140859140859 5.49450549450549
 150.623885918004 12.0663650075415
 192.409929252035 9.65116754590439
 283.586332366820 14.5261242822218
 251.006569188387 16.9880624426079
 368.754433971825 20.2695854869768
 363.247863247863 14.9087024087024
 393.939393939394 14.1380358771663
 245.706674278103 14.2476571048000
 302.063789868668 14.5545511399170
 337.300996875465 18.1768586023905
 179.250437062937 9.52432983682984
 429.370629370629 10.0815850815851
