 19.5178989026803 4.44324518798345
 13.7131820376630 2.10043457267021
 21.7165620473201 2.98165137614679
 26.5364506264181 3.20607674854493
 30.6269113149847 5.29051987767584
 27.6236294473036 4.77735511300067
 11.2195407000526 2.14456845672880
 21.7550857598724 3.86118867171919
 9.54725143581711 3.25203252032520
 39.2348233456959 6.36345891079446
 60.2946365561044 10.2152434721242
 20.3895758542747 4.36112219119798
 41.1997177134792 11.0515172900494
 8.64740887676667 2.25018596578230
 15.3472264414606 3.22619843246856
 15.8516154766653 5.67211806940566
 12.3697185296137 3.34519128752418
 17.0861038633112 4.71340796229274
 12.8440366972477 3.13594662218515
 18.0409140121944 4.49028434668642
 21.2654223347042 4.65675419171148
 17.9290235402887 3.71239598890548
 25.1290137614679 6.12098623853211
 14.2584097859327 3.24286442405708
 15.8984782728122 3.19727517442180
 21.5535972959923 5.80637373249638
 30.0344850022773 5.71930509467109
 28.4726708877116 7.42990050394108
 34.2537923517122 3.70151694068489
 54.8544650518118 5.97980331331265
 15.4315222765478 3.43899357248805
 21.5254005203341 5.03902505819526
 20.0432419797814 5.21825512768071
 38.2205296866886 9.98211297674687
 21.6886467889908 4.78306574923547
 47.3160257661526 6.43503155703038
 26.0414083808579 5.86412100173568
 20.6621459912246 4.71346895359660
 22.4139908256881 5.99770642201835
 25.3564717585940 6.69282635127667
 22.2353087031986 6.88693280436400
 29.1227538099932 7.95359769504890
 155.684084563223 42.0023932987635
 19.5115081281185 3.16272332206663
 41.6637261820748 6.06916019760056
 31.9219007292402 5.88881047596644
 30.0474108737147 6.71756665229973
 31.8334061453327 7.88553953691568
 88.7131820376630 11.8541767262192
 18.3139310770180 3.22257343304294
 64.9107230936174 9.45052776955707
 58.0660875213120 14.4840464398798
 31.5520665846969 3.67445379740849
 48.8930993218987 12.0462704427603
 47.2199987685487 5.49842989963672
 21.2546231807484 5.14433930544214
 64.6628037984870 6.58297118944149
 55.2557414403070 5.03088085387060
 51.7768638616472 5.64167457555626
 68.0697967260299 6.61989566468789
 105.818662699397 10.6289776014547
 101.866497943689 13.4872930507223
 61.7824377457405 6.73001310615989
 61.1749286870712 5.88235294117647
