 3.12781954887218 3.12781954887218
 3.25814536340852 3.25814536340852
 2.23730056849441 2.23730056849441
 285.714285714286 2.84495021337127
 46.7999266458830 2.98918026774253
 40.1900978862250 3.83033054333948
 2.97434763379036 2.97434763379036
 3.14769975786925 3.14769975786925
 69.0267335004177 2.92397660818713
 13.0963773069036 1.81818181818182
 2.78355463125900 2.78355463125900
 32.8809829451678 2.17005929457791
 27.9489045193629 3.31473845905085
 23.6808236808237 2.89236605026079
 14.4621758477827 2.33236151603499
 31.5926179084074 2.78195488721805
 13.2116004296455 1.78302900107411
 13.3471977816883 1.95168772996321
 16.9911959385644 2.33918128654971
 13.6074451863926 1.92439139807561
 13.7218045112782 2.68941584731058
 23.4180958013010 2.99062262397567
 16.5325077399381 3.28173374613003
 17.6600036677058 1.86441714041201
 32.9620347164207 4.74333983105913
 26.2997920332747 4.98320268756999
 24.9494704503193 5.60271646859083
 8.82469331222794 8.82469331222794
 134.978751225891 22.5563909774436
 30.2460697197539 11.2525632262474
 23.1232844014799 4.80964315550782
 27.6808526169793 2.86152273888605
 42.1341816078658 5.56198187777135
 38.9683887137198 3.84024577572965
 51.9767159835071 5.06912442396313
 52.5480367585631 4.48740899868719
 29.3325907360995 1.68012624152975
 57.5698505523067 9.07825118351434
 33.4452201933405 4.86036519871106
 49.2518424774808 5.33015707585796
 51.2145748987854 5.70657412762676
 57.3407202216066 7.63751483973091
 93.7781954887218 10.5263157894737
 28.5407396041123 2.53183980359061
 64.1760651629073 4.75407268170426
 60.9193438140806 4.74196855775803
 79.5932138037401 8.53094274146906
 113.277095176967 6.24426920960939
 120.772519534129 5.66121185316232
 68.7363570215862 8.44045597865632
 42.9705215419501 2.82253252178064
 77.3103645188922 4.48272580184639
 56.3759398496241 4.78195488721805
 132.145432073334 6.14893397878257
 4.94908156467117 4.94908156467117
 261.831048208757 6.61948990122365
 72.1316277707255 5.18504052338639
 36.3492765527264 3.14652176660138
 110.702682632507 4.49271326464309
 74.0252693589644 5.66622742423068
 78.0701754385965 5.61224489795918
 112.704174228675 7.95955405755769
 155.369192211297 9.69732022363601
 124.189044038668 12.1589688506982
 100.243255196816 5.84918177797435
 64.1583297085689 2.69061082458212
 69.6809591546434 3.22427690848743
 54.6107916850951 3.59907120743034
 141.647086466165 5.49812030075188
 177.305104867432 9.47764147210131
