 110.998376623377 13.5957792207792
 85.2272727272727 8.28598484848485
 156.858766233766 7.30519480519481
 91.3149350649351 10.2475649350649
 193.892045454545 16.3352272727273
 90.5934343434344 11.3636363636364
 162.375710227273 11.9850852272727
 157.670454545455 16.4991258741259
 84.5762310606061 7.69412878787879
 66.7613636363636 11.2656739811912
 42.4918831168831 4.62662337662338
 287.337662337662 62.0941558441558
 46.3833041958042 7.19332750582751
 73.4132483370288 7.96840354767184
 18.2937327823691 5.18681129476584
 88.7568870523416 9.79252754820937
 54.6328671328671 8.52272727272727
 48.3157467532468 8.05600649350649
 39.7237460815047 7.62473876698015
 44.8266633728590 10.2468297101449
 48.9626377410468 8.37207300275482
 33.8917799490229 7.99171622769754
 55.5681818181818 10.6439393939394
 31.5882034632035 5.45634920634921
 36.4583333333333 8.24956293706294
 28.3915544332211 11.2233445566779
 44.1433566433566 11.5821678321678
 62.1222195357834 11.0614119922631
 76.9581980519481 10.0784632034632
 43.3170995670996 10.4437229437229
 78.0855429292929 11.9160353535354
 4.51248760974228 0.625044250920419
 30.0013746334311 9.21004398826979
 20.1765640273705 4.75012218963832
 171.967638339921 27.3283102766798
 179.028003246753 31.8756764069264
 48.7744450317125 7.76294926004228
 60.9517045454545 11.6619318181818
 19.5140114739629 10.5361871138570
 41.2762237762238 5.74300699300699
 52.4410202569170 5.95973320158103
 107.715311004785 12.7691387559809
 215.107808857809 32.2333916083916
 511.498917748918 66.8966450216450
 44.0340909090909 6.82191985645933
 57.0345424443107 8.89900662251656
 58.9651283830673 11.5696564885496
 151.298701298701 11.6206709956710
 109.490955473098 14.6538729128015
 66.0994042365402 9.72252868490733
 90.5539772727273 11.6106719367589
 58.6317181246427 8.97834476843911
 48.0172211808810 3.72442205560762
 40.4017857142857 8.31304112554113
 61.0516934046346 7.54790552584670
 1151.35732323232 126.104797979798
 749.935433884298 31.9602272727273
 306.337733957219 30.9784425133690
 109.870204336947 21.0461843202669
 71.5010435992579 6.57322588126160
 98.2225122850123 11.0565110565111
 79.6028466483012 8.12098255280073
 230.339617768595 34.8011363636364
 127.569731404959 12.8615702479339
