 14.1713973799127 5.22925764192140
 11.2525345622120 4.74285714285714
 10.3760445682451 3.59164345403900
 13.0585311982330 4.07344008834898
 5.91231126596980 4.46167247386760
 7.32976349843820 3.21062025881303
 7.49229952203930 3.70897503983006
 7.46629437574791 3.70881531711209
 5.51828410689170 2.78375527426160
 6.33006650332517 3.03430171508575
 6.29526869158879 3.06133177570093
 7.08402330573444 3.32444035571910
 6.61197732104890 2.95074415308292
 8.89203454894434 4.15451055662188
 7.53307240704501 3.19921722113503
 8.22786885245902 3.42721311475410
 9.19721254355401 3.70069686411150
 9.03155006858711 3.62654320987654
 9.13206801107157 3.93277975484381
 7.86460717009916 3.14111365369947
 8.30738720872583 3.14179474467030
 12.1059988351776 4.17996505532906
 11.6064794816415 4.99827213822894
 11.7883877159309 4.08109404990403
 10.9497098646035 3.55802707930368
 11.7544125063036 3.57539082198689
 14.5286800276434 4.18382861091914
 11.4911909795631 3.33051444679352
 11.8771121351767 3.20890937019969
 13.7529960053262 3.67909454061252
 18.4088005677786 4.43151171043293
 29.1654072208228 6.82619647355164
 43.8020541549953 9.85340802987862
 25.3485401459854 5.38503649635036
 19.5338983050847 3.72033898305085
 24.8671052631579 4.09210526315789
 25.2637867647059 4.21415441176471
 29.6368421052632 4.92736842105263
 32.5266990291262 4.78398058252427
 44.0571030640669 6.49442896935933
 32.4939467312349 4.16222760290557
 35.1957236842105 4.17434210526316
 39.8321033210332 4.13099630996310
 41.4447852760736 4.27300613496933
 54.2185007974482 5.85486443381180
 59.3377110694184 5.17448405253283
 58.0630630630631 4.89189189189189
 61.4075630252101 4.77521008403361
 50.0069284064665 3.83371824480370
 69.3627118644068 4.84745762711864
 65.1136801541426 4.19267822736031
 89.3497757847534 5.35874439461883
 119.789634146341 8.42073170731707
 95.6917647058823 5.69176470588235
 94.2364130434783 5.13315217391304
 80.2484662576687 3.83435582822086
 105.156716417910 5.50000000000000
 131.368965517241 5.25862068965517
 274.966480446927 11.6648044692737
 223.112195121951 8.27317073170732
 213.616666666667 7.38333333333333
 198.195020746888 6.59336099585062
 172.273913043478 5.43043478260870
 262.719696969697 8.12121212121212
 207.866666666667 6.27222222222222
 370.710227272727 10.0454545454545
 443.032894736842 10.2039473684211
 297.334951456311 6.67961165048544
 307.600000000000 5.84210526315789
