 30.5747126436782 4.63601532567050
 139.750957854406 6.27394636015326
 123.448275862069 9.75734355044700
 257.300979140060 28.9059174116645
 31.6323160258951 4.66376007398600
 16.6067093679623 2.94521950220818
 31.4098053014309 5.45781531003206
 26.4580672626650 5.65488860508018
 14.5593869731801 3.05107385145348
 15.3352490421456 3.56960408684547
 14.2435143751280 3.59158842970372
 15.9116520171287 3.59602333909298
 5.53848488297106 1.26512651265127
 4.59038928372964 1.11871545143459
 49.1735084838533 14.6360153256705
 11.4825717222689 3.18895430333614
 8.20428905917412 2.11260110685398
 15.5936603647175 4.50348596193706
 21.4703425229741 5.86235704203036
 34.2645806726266 10.0468284376330
 435.851122058019 143.130815544609
 2.15048672025127 0.557548208388082
 13.5561989997368 3.84604135591238
 106.385696040868 33.9536580915891
 42.3177924146541 10.8571182573507
 124.265644955300 33.6270753512133
 194.995936375247 54.5106234761407
 38.5311360384065 7.36740063703088
 19.9960846827195 4.89973991106636
 7.89551243271751 2.70681123675679
 23.6254587193042 4.97760964805923
 16.1200609476472 4.40391130046303
 20.9234975626428 4.27931574119044
 25.5106259819730 4.38270073596295
 25.3132832080200 4.39028605997753
 13.2487113757270 2.53590231263265
 17.5299181684878 3.09509168598143
 20.8833083458271 4.03964684324504
 23.6113220922578 3.55461036001823
 17.1552182441475 3.57843406845222
 46.4878671775224 5.41744631560189
 32.0573046809928 3.33166749958354
 16.6474179178353 2.17052558250380
 9.67856098724400 2.69891827847790
 29.2676379432364 4.13890719183932
 27.9887974794329 3.13514985316141
 34.4303631659954 4.61734944493565
 68.8029722512481 6.09543712991989
 21.1194402798601 2.22888555722139
 23.5736677115987 3.03030303030303
 17.2131478120589 2.34926396450897
 31.3716475095785 3.68910782703886
 40.5270884806818 4.43656676334730
 33.4844314931736 4.07965031568723
 58.7961039560541 4.97161058025204
 27.1980015865782 3.23223116782284
 38.0597233190021 3.05635986078208
 30.9005171074137 2.98475470889264
 31.9012624835123 2.52810753093399
 36.5235749472203 3.02212839158652
 90.8924010217114 8.08588761174968
 101.198862934124 7.36620936843406
 38.4705606380483 3.29971068887325
 28.0559720139930 2.00233216724971
 33.7379596805958 2.20933147133598
 64.4995210727969 4.72341954022989
 116.452558034708 7.48253324318233
