 36.1081535812401 3.65419246289943
 10.4847084045155 5.31493205596311
 24.1483924826421 7.43184085679963
 32.0639159090427 6.03979909720898
 4.05237697236785 4.00172226021326
 28.4906624470487 9.23041421483789
 36.1702313324084 6.18689843538662
 26.2700694943686 7.08922437894400
 23.4968338321829 4.91723169018386
 13.1918003153725 4.21778649539120
 36.2975549891438 11.4934390635325
 72.9438192722572 14.1352491152224
 5.73011375650188 3.53345268133613
 24.0591378729901 5.13520818219320
 14.3752580415118 4.15994194847928
 27.3775527864313 4.95954482519903
 45.1713395638629 5.48416407061267
 109.353782250979 11.7022126367921
 31.7460317460317 10.6685457152747
 27.5412484135226 5.23826006692050
 15.5763239875389 5.18532092657070
 21.4886276086156 3.80754586362063
 18.0041152263374 7.33144879043114
 27.3018345448252 5.13802353755625
 135.112810346455 14.9155102426130
 53.0681735854524 7.80023666352725
 17.2858652228525 4.23530905512704
 34.2217607015115 4.95557863159109
 65.9869725290286 7.28783158689701
 41.7691424823742 4.33814286495054
 117.074618009197 5.41957177471196
 132.445954875861 22.2159287579848
 12.7255019575215 1.65115484091510
 100.336511059580 5.48099220012648
 16.8164225088609 4.10648541489663
 53.0114226375909 6.05399792315680
 177.570093457944 10.2463724165817
 56.6115775208124 9.11698963338437
 51.2287988923503 51.2287988923503
 64.2494085681493 5.98068379671921
 168.820429983462 3.29795007884312
 25.7940754480670 7.80797919986049
 195.312268209464 11.0221035454680
 106.583592938733 6.92627206645898
 154.904545091461 8.50706925473281
 853.894080996885 94.3925233644860
 446.578977731626 28.0373831775701
 98.3430403178473 6.39306514966816
 94.3836686066636 5.61069654744943
 144.618319688957 6.35127629259340
 178.575017586172 9.18947286146563
 67.1128033537172 1.62930796367972
 568.413102992542 10.4597375625413
 108.078260726236 3.13174768003428
 129.727858699821 5.98729570692188
 321.703011422638 12.0197300103842
 38.8677959501558 6.14940290758048
 259.845035545970 10.8235482067258
 278.551295907771 9.68487083306843
 1053.88666369975 26.1830588933393
 911.243798315449 14.5955924772124
 20.1915310949579 5.56709357332410
 31.8158416014381 6.02982626072236
 39.9946536709746 6.67262987981041
 68.7190764156130 7.33003481766538
 68.7314701942902 9.27054645055458
 443.904465212876 29.0758047767394
