 10.2325581395349 10.2325581395349
 206.589147286822 5.23255813953488
 313.565891472868 1.38427464008859
 190.568475452196 7.62273901808786
 81.6279069767442 4.03100775193798
 274.677002583979 5.55555555555556
 65.8053402239449 2.67011197243755
 53.1235750113999 3.32877336981304
 37.1317829457364 2.05426356589147
 109.379844961240 4.65116279069767
 58.2848837209302 2.56782945736434
 78.9405684754522 2.02411714039621
 38.6304909560724 2.45478036175711
 47.7096546863989 2.46652572233968
 49.8708010335917 1.88261351052049
 46.1852305181559 3.38637290901673
 39.9091152098369 2.27211975407645
 54.2988019732206 3.10077519379845
 51.6795865633075 3.03617571059432
 50.8931580721267 3.06707111560499
 111.590992986342 8.23181985972684
 14.3410852713178 0.792811839323467
 19.3992248062015 2.20930232558140
 37.0284237726098 2.66149870801034
 24.8422570758969 2.86641427798810
 21.9037317468902 2.55994231115919
 86.3446630888491 8.52713178294574
 31.3953488372093 3.15614617940199
 24.3181165661786 2.78495549813379
 41.1852963240810 3.85096274068517
 32.8562909958259 3.29457364341085
 39.4467935165610 4.28118393234672
 53.1291359425222 4.93477027793534
 57.8972868217054 3.77906976744186
 55.2567829457364 5.18410852713178
 38.9268885848913 5.54795561635507
 59.4655242758058 9.44512443900449
 29.1274946396173 4.05739732805542
 67.8741800834824 8.85509838998211
 51.4088839670235 6.12772240679217
 70.2519379844961 8.43023255813953
 35.6266149870801 6.14771748492679
 20.2924148758709 6.05436169168874
 73.6152219873150 10.2607470049331
 60.1349411426931 11.2833763996555
 33.1524547803618 6.22739018087855
 61.4371846929986 8.63787375415282
 83.1180017226529 8.28596037898363
 61.6607541715937 6.93732755222704
 47.1934248622397 6.49108060147567
 17.9039952295766 6.30590339892666
 81.3590116279070 6.27422480620155
 65.5260243632337 8.91472868217054
 123.629055412001 10.4651162790698
 111.019911840705 10.6247150022800
 122.827417380661 14.3614851081191
 43.5858964741185 5.47636909227307
 49.0332353203243 5.71148534260002
 66.9465977605513 5.70628768303187
 110.539654144305 12.0005963029219
 64.7666818665451 6.38394892840857
 121.604938271605 10.4507608383577
 53.6909795630726 6.53629316420014
 137.162320883251 15.1515151515152
 59.1107547001693 4.49077786688051
 80.0664451827243 4.45736434108527
 119.947397563677 8.08416389811739
 89.2506459948320 6.81136950904393
 150.968992248062 14.2118863049096
