Date	New Tests	Positive	Negative	Hospitalized	Deaths	Total
Wed Jun 10 2020	6474	29852	269835	3476	1095	299687	48
Tue Jun 9 2020	5132	28296	264917	3406	1070	293213	47
Mon Jun 8 2020	6460	27678	260403	3377	1047	288081	46
Sun Jun 7 2020	9975	26889	254732	3352	1044	281621	45
Sat Jun 6 2020	7781	25451	246195	3320	1042	271646	44
Fri Jun 5 2020	14110	24332	239533	3265	1012	263865	43
Thu Jun 4 2020	5230	22753	227002	3195	996	249755	42
Wed Jun 3 2020	6692	22233	222292	3129	981	244525	41
Tue Jun 2 2020	9763	21250	216583	3057	941	237833	40
Mon Jun 1 2020	2864	20123	207947	3018	917	228070	39
Sun May 31 2020	8159	19936	205270	2998	906	225206
Sat May 30 2020	7234	19255	197792	2980	903	217047
Fri May 29 2020	6899	18465	191348	2911	885	209813
Thu May 28 2020	6648	17763	185151	2848	857	202914
Wed May 27 2020	5535	17262	179004	2031	831	196266
Tue May 26 2020	2949	16783	173948	1988	807	190731
Mon May 25 2020	4141	16561	171221	1961	806	187782
Sun May 24 2020	3202	16339	167302	1945	800	183641
Sat May 23 2020	4436	16039	164400	1930	799	180439
Fri May 22 2020	4376	15608	160395	1879	775	176003
Thu May 21 2020	6192	15315	156312	1830	763	171627
Wed May 20 2020	3864	14897	150538	1792	747	165435
Tue May 19 2020	5098	14566	147005	1746	704	161571
Mon May 18 2020	4712	14170	142303	1717	686	156473
Sun May 17 2020	4973	13937	137824	1699	680	151761
Sat May 16 2020	4787	13631	133157	1683	679	146788
Fri May 15 2020	14251	13169	128832	1629	651	142001
Wed May 13 2020	4908	12176	115574	1590	594	127750
Tue May 12 2020	6378	11736	111106	1564	562	122842
Mon May 11 2020	6087	11380	105084	1537	542	116464
Sun May 10 2020	4567	11119	99258	1528	536	110377
Sat May 9 2020	4685	10960	94850	1514	532	105810
Fri May 8 2020	4691	10526	90599	1482	517	101125
Thu May 7 2020	4697	9945	86489	1449	450	96434
Wed May 6 2020	3477	9707	82030	1430	426	91737
Tue May 5 2020	3007	9305	78955	1397	395	88260
Mon May 4 2020	4134	8919	76334	1357	362	85253
Sun May 3 2020	3122	8640	72479	1348	362	81119
Sat May 2 2020	3118	8364	69633	1339	348	77997
Fri May 1 2020	3093	7962	66917	1203	330	74879
Thu Apr 30 2020	2973	7648	64138	1169	320	71786
Wed Apr 29 2020	1375	7202	61611	1131	304	68813
Tue Apr 28 2020	895	6948	60490	1095	293	67438
Mon Apr 27 2020	1732	6716	59827	1051	275	66543
Sun Apr 26 2020	2303	6526	58285	1037	275	64811
Sat Apr 25 2020	1794	6280	56228	1022	266	62508
Fri Apr 24 2020	2017	6045	54669	984	266	60714
Thu Apr 23 2020	2096	5769	52928	0	249	58697
Wed Apr 22 2020	1449	5459	51142	0	229	56601
Tue Apr 21 2020	652	5251	49901	0	208	55152
Mon Apr 20 2020	1510	5064	49436	0	187	54500
Sun Apr 19 2020	1945	4929	48061	0	184	52990
Sat Apr 18 2020	1815	4719	46326	0	177	51045
Fri Apr 17 2020	1832	4507	44723	0	169	49230
